467
972
910
779
510
226
462
325
558
457
464
252
54
552
430
463
66
181
552
500
407
970
173
587
419
380
937
686
36
483
308
185
681
214
164
259
65
596
372
719
902
195
62
156
33
265
193
260
327
768
865
513
476
915
714
702
73
489
819
186
731
66
992
297
483
957
684
539
20
356
529
63
676
115
140
43
957
333
302
997
682
300
928
888
922
830
684
636
342
461
347
838
376
966
437
852
325
832
690
10
995
346
841
491
100
450
399
13
519
383
487
757
868
475
650
275
927
830
241
879
559
365
540
55
39
779
97
156
775
580
478
310
133
687
119
159
37
265
329
405
24
312
688
143
716
381
935
672
27
719
180
537
968
889
769
963
197
859
415
274
992
773
758
496
717
764
646
345
552
759
949
454
91
731
867
168
155
933
272
10
548
46
66
111
725
59
792
321
727
152
335
64
664
415
215
128
116
833
619
622
966
535
839
780
772
7
691
950
674
341
943
696
553
726
227
147
330
986
462
485
95
489
437
285
104
101
677
384
407
411
806
10
906
910
460
166
3
485
756
760
929
168
774
838
45
568
12
680
535
107
437
735
222
392
95
196
109
188
325
360
414
368
994
204
78
589
137
956
628
423
778
100
907
118
476
637
189
330
255
473
283
901
273
149
338
924
582
466
650
828
341
486
103
76
199
495
836
142
104
557
830
277
314
678
466
381
635
448
715
362
671
307
720
85
521
867
173
95
149
899
595
598
593
698
317
1
381
9
950
270
140
476
17
42
641
860
318
352
940
506
729
916
268
516
896
667
260
486
471
257
444
841
124
629
414
330
399
585
200
473
426
815
109
824
6
995
118
7
806
766
147
75
283
796
790
913
467
927
921
835
447
667
699
312
524
283
828
501
389
789
30
516
154
271
973
932
609
765
421
719
505
147
489
98
390
124
632
559
933
350
804
801
577
966
625
251
509
966
86
170
613
966
527
659
765
387
628
159
654
503
120
897
831
481
950
256
493
368
668
28
454
834
542
113
937
16
391
670
397
677
374
875
731
4
66
37
407
456
777
254
242
114
165
17
235
920
388
342
502
53
131
386
522
998
3
366
730
339
176
160
1
399
967
576
291
936
947
94
318
630
844
780
137
158
734
827
724
75
961
264
637
963
991
680
439
624
542
400
740
443
852
471
651
225
125
609
926
912
557
371
714
674
524
770
388
965
528
321
581
761
450
746
149
884
774
91
347
999
792
385
58
81
581
855
432
983
11
692
234
714
902
34
906
943
102
811
712
298
256
165
890
55
910
855
484
867
865
381
794
181
452
595
712
571
555
499
891
293
316
258
952
195
648
847
990
232
797
443
939
62
495
340
806
637
226
332
139
497
897
537
362
86
153
537
379
747
337
670
964
933
246
921
24
628
309
961
560
373
30
630
678
489
217
82
639
579
466
324
501
634
612
430
800
726
529
211
969
812
472
734
255
642
312
478
645
662
177
762
937
925
683
645
454
332
604
614
621
90
91
416
787
247
978
464
673
523
680
856
671
481
616
486
379
398
564
627
748
688
629
348
650
877
866
827
116
577
482
678
808
959
102
65
824
450
889
992
644
446
840
559
801
185
214
957
951
969
760
14
664
463
624
385
116
463
893
122
706
18
714
45
220
467
776
73
253
307
73
351
230
170
704
479
675
15
379
819
243
616
762
737
70
368
138
691
627
712
735
811
112
505
537
116
272
859
388
875
171
465
778
75
19
388
259
366
371
205
997
947
239
265
696
320
439
607
94
461
472
488
508
144
574
361
171
915
612
367
671
69
395
387
527
131
571
519
687
927
167
720
945
349
25
761
514
533
832
963
875
300
772
115
515
449
328
387
622
338
131
623
39
646
428
518
871
93
697
581
997
289
770
447
666
673
660
185
533
32
774
825
834
389
411
326
825
214
404
50
476
266
248
855
507
651
674
92
911
495
124
252
378
268
777
923
951
414
150
292
23
132
374
852
873
994
694
882
4
171
785
232
280
887
939
401
154
334
622
411
729
322
112
331
399
502
57
530
773
883
890
871
151
788
380
879
747
646
529
301
142
882
672
28
826
240
640
907
853
513
984
740
628
593
584
626
155
5
360
623
746
539
995
11
509
594
339
404
929
282
665
479
323
894
832
581
25
571
641
383
19
912
313
268
944
94
788
719
262
920
578
313
483
263
482
837
840
929
151
557
894
28
914
740
876
619
444
672
404
331
540
888
351
110
563
829
167
607
33
994
331
251
219
37
860
753
259
473
818
558
899
946
326
563
81
461
688
182
442
473
520
573
496
172
57
879
495
303
395
531
778
38
11
200
756
861
502
432
153
597
204
136
235
635
564
180
246
449
899
254
533
875
620
906
288
261
189
944
815
23
337
896
789
615
950
526
515
545
567
702
43
643
714
393
79
641
624
836
622
838
997
4
619
820
324
131
667
957
477
166
944
583
361
433
485
520
471
294
53
872
580
253
987
650
411
600
985
490
874
151
804
987
928
794
905
29
131
350
578
855
885
472
640
662
436
787
579
707
657
924
595
746
755
781
151
501
425
393
134
223
55
605
633
543
211
205
174
824
562
540
188
841
253
933
996
186
160
452
115
680
664
807
149
210
136
156
431
486
237
310
535
938
170
724
154
370
565
390
202
707
61
876
870
288
663
304
985
762
198
714
356
362
789
627
804
425
396
688
963
324
385
946
341
963
807
33
664
627
372
288
899
433
522
718
738
975
912
296
785
967
182
382
114
871
928
345
378
686
30
539
429
946
195
780
86
166
971
121
301
249
484
773
8
661
94
22
446
983
830
805
85
408
749
219
934
562
363
632
701
873
162
95
455
845
448
36
374
647
724
146
78
172
497
970
478
459
896
469
394
37
666
555
714
440
866
399
155
92
398
823
692
511
774
610
729
136
383
339
898
768
121
581
33
641
379
768
238
657
198
151
158
882
614
534
499
192
803
419
140
39
398
183
866
936
311
387
689
199
296
510
877
810
655
348
868
680
845
104
604
822
343
244
932
510
264
216
548
814
368
561
291
322
238
537
535
327
57
490
512
9
268
377
854
915
739
677
382
283
434
516
29
289
473
411
210
118
99
140
131
866
303
762
329
582
146
204
811
352
841
511
318
808
296
754
634
223
689
74
673
678
59
714
568
965
379
971
892
689
813
391
500
252
617
823
228
640
301
809
373
17
456
160
421
37
266
182
822
565
83
652
169
441
505
716
770
337
101
326
862
524
904
197
765
708
634
25
666
957
941
726
8
63
909
852
610
17
258
583
686
627
101
66
654
257
987
12
10
796
493
480
890
366
585
930
606
999
133
434
77
870
681
637
409
549
731
146
954
964
648
604
937
997
285
894
670
991
302
929
916
171
15
219
777
186
688
389
637
845
330
553
876
925
78
345
698
100
181
219
645
745
358
593
738
61
781
356
837
199
732
298
207
426
361
696
770
289
627
500
741
27
978
623
524
851
566
217
810
364
278
356
792
457
530
115
763
889
630
2
909
852
578
610
95
696
438
325
157
967
627
894
358
761
34
648
209
397
80
41
595
512
246
981
143
729
362
280
22
872
512
690
401
993
38
242
902
411
157
70
42
725
41
494
685
870
35
89
283
773
226
575
629
304
682
26
629
77
73
720
225
907
212
622
91
836
475
820
236
605
879
235
242
993
144
190
421
455
974
8
436
637
167
146
103
631
590
854
227
540
819
930
551
419
808
71
93
656
646
228
828
343
524
291
71
175
401
351
226
540
921
950
102
914
886
245
688
623
253
101
735
547
63
885
275
254
567
874
157
66
124
745
173
688
408
153
494
387
892
515
183
831
794
668
954
943
484
978
854
717
658
842
212
499
63
668
767
496
727
412
175
855
50
560
223
876
486
815
116
401
316
110
78
282
515
833
178
150
552
977
45
768
716
811
322
774
745
818
711
812
113
676
578
358
38
505
240
874
321
708
987
344
927
509
819
537
267
90
274
644
566
261
726
201
438
622
304
842
291
435
948
940
601
570
461
371
496
628
224
10
102
651
619
657
206
896
361
717
671
289
933
973
801
788
575
882
301
508
752
868
906
213
769
222
103
619
569
552
54
672
846
192
481
21
187
425
55
136
196
855
908
147
353
984
771
930
919
94
953
971
141
929
954
568
904
124
655
335
681
813
632
561
907
988
527
857
751
739
461
852
182
717
770
5
469
482
164
315
472
567
553
78
906
433
776
311
319
721
306
410
607
167
244
17
823
389
332
486
302
811
569
792
813
699
46
907
651
90
688
450
383
583
972
230
839
505
810
638
851
714
253
99
532
900
827
536
870
735
994
705
569
767
644
846
400
574
295
524
352
724
29
557
580
504
540
681
770
372
296
794
475
55
337
184
444
112
36
575
356
791
790
485
120
934
997
189
24
602
572
314
903
54
124
403
861
166
826
56
162
547
950
738
457
980
259
523
917
411
677
17
367
869
903
835
335
479
1
967
180
284
350
357
662
266
324
249
325
634
596
415
918
568
21
560
141
540
283
257
107
515
354
816
397
181
66
138
797
188
401
255
985
754
99
603
280
271
370
322
195
393
637
544
896
343
350
541
475
721
735
446
255
367
690
653
576
84
233
697
25
503
747
638
868
549
851
345
888
655
562
62
426
422
709
386
889
667
518
874
889
555
422
478
629
86
936
293
858
492
242
760
861
116
510
446
605
392
514
514
689
170
181
959
140
518
358
958
571
444
414
854
885
360
999
160
523
386
32
346
390
755
978
453
653
94
573
853
884
3
831
500
190
506
515
860
51
446
146
56
778
895
518
297
920
637
491
490
527
726
541
135
298
286
431
742
671
296
769
766
987
171
110
440
5
441
440
359
601
517
300
277
633
925
574
748
623
707
953
573
98
170
343
717
43
676
499
505
72
426
951
824
341
530
51
727
696
713
240
626
593
78
198
571
43
182
121
754
229
894
576
640
45
431
315
301
598
423
556
448
186
404
151
495
538
536
591
517
718
306
229
221
648
371
470
803
527
81
144
291
994
648
930
271
656
119
640
883
145
345
539
694
622
378
163
385
868
920
287
767
561
223
321
332
129
439
103
65
284
127
314
750
893
174
618
196
467
345
974
306
406
857
501
405
381
936
559
129
549
63
440
646
572
195
150
825
676
356
806
675
11
412
128
802
725
684
121
70
905
546
466
647
532
333
442
157
146
400
583
837
888
194
836
980
34
611
844
877
399
518
379
873
741
553
845
58
992
161
416
626
264
890
253
883
212
36
528
469
479
828
488
557
350
941
933
920
76
696
4
163
800
25
212
203
98
328
331
893
956
360
219
456
24
379
402
71
172
205
23
274
835
767
349
108
405
157
720
725
17
73
452
306
513
849
770
733
842
6
493
597
724
849
593
411
360
931
730
749
703
56
142
921
50
551
587
655
851
593
606
898
118
95
466
806
795
618
69
499
176
557
988
607
930
206
545
924
892
616
417
875
424
758
265
606
924
177
254
623
105
383
127
644
261
791
232
651
35
975
388
379
741
167
276
311
457
969
91
680
718
913
718
400
788
680
194
323
69
290
329
220
924
559
321
194
886
85
591
74
335
98
42
358
187
78
596
774
437
187
951
975
167
128
392
770
75
793
697
645
902
282
452
372
169
764
249
828
520
269
621
912
897
580
592
529
375
135
964
910
776
707
189
826
247
95
327
593
150
374
475
424
572
796
111
76
773
722
766
180
191
413
482
581
696
38
239
154
190
670
546
462
46
419
774
657
251
424
905
731
155
957
152
789
363
9
887
487
3
235
500
409
218
254
208
738
558
69
22
559
925
469
476
762
442
273
577
908
277
569
175
891
475
65
728
443
843
162
907
980
932
223
413
168
776
813
804
590
171
681
438
160
946
485
751
100
233
34
718
49
115
35
54
475
23
802
290
792
680
233
291
601
290
295
71
905
812
387
127
623
743
798
491
517
113
219
482
221
135
150
209
633
444
998
305
309
775
353
439
658
352
446
741
232
989
833
633
570
307
150
35
831
401
196
529
736
182
174
461
234
274
284
982
76
77
959
395
989
478
280
893
197
149
447
949
703
602
985
873
772
15
70
717
528
379
965
486
944
376
227
243
530
413
500
426
562
599
639
488
717
835
426
283
919
431
12
476
731
99
929
911
472
158
155
248
879
830
521
85
366
732
320
189
636
732
701
524
422
222
3
794
618
331
312
887
547
105
724
175
78
426
351
729
323
524
144
128
695
262
542
827
986
223
49
611
162
441
554
320
900
806
99
58
792
92
586
777
794
308
779
802
513
297
6
458
67
573
626
442
225
907
155
645
731
177
127
905
792
314
228
54
254
532
90
882
521
219
175
206
483
691
512
107
811
983
114
269
142
998
958
135
761
957
416
212
412
25
97
769
192
29
588
192
177
767
150
28
889
539
540
899
107
290
266
945
737
913
426
897
294
140
424
698
596
623
744
637
966
625
685
955
551
410
276
541
636
596
446
185
453
148
713
565
308
189
101
296
613
922
748
190
426
778
771
456
618
499
443
402
851
800
261
489
244
865
210
616
79
602
984
825
876
152
486
420
437
582
582
695
362
504
547
624
279
311
801
126
671
102
508
671
356
568
178
691
60
482
618
946
635
226
453
638
330
838
244
439
194
123
546
661
7
72
733
875
714
508
231
590
981
701
134
761
911
365
919
496
103
61
157
830
101
427
999
179
701
643
454
862
601
680
493
546
686
203
793
93
31
39
50
26
438
828
839
220
380
966
977
364
457
186
977
877
800
899
478
885
579
658
707
750
368
762
660
39
847
84
230
250
224
300
54
227
399
252
378
121
129
353
646
206
658
599
225
640
204
403
37
54
98
650
709
467
573
657
690
474
466
954
704
230
589
438
34
429
390
924
432
486
178
788
77
335
586
130
319
22
397
804
215
276
749
425
444
972
503
726
973
981
294
627
212
893
659
484
200
821
902
494
586
303
758
950
664
818
255
37
831
483
811
167
493
91
880
434
814
797
721
93
277
372
210
148
436
74
884
74
767
967
100
174
977
718
849
124
338
386
389
941
320
116
940
713
107
425
833
797
429
405
839
431
776
683
608
284
279
631
976
738
19
620
902
796
579
767
986
784
581
976
148
975
397
829
51
715
321
716
473
446
108
600
882
716
639
179
19
763
197
366
143
812
490
28
302
428
63
445
889
577
760
295
343
679
288
201
342
93
561
368
730
775
795
543
869
404
616
845
909
659
403
150
891
934
688
638
193
788
515
871
179
579
324
160
862
562
799
395
235
565
132
976
953
910
793
376
441
622
209
417
144
240
666
771
606
986
289
327
481
733
782
844
681
338
764
606
187
131
531
940
753
863
205
22
70
905
737
503
658
250
827
548
855
740
174
326
526
166
567
340
332
820
434
782
671
772
442
394
299
547
366
197
348
250
147
903
644
938
173
912
294
380
863
731
251
604
574
309
616
469
244
822
796
460
397
931
277
637
540
627
756
29
165
411
849
629
706
82
978
437
413
749
593
277
871
122
113
512
595
568
278
470
300
882
591
263
841
232
75
117
608
17
980
31
912
154
226
383
36
201
91
392
895
577
257
141
91
942
892
428
975
902
990
892
641
621
463
153
303
299
655
272
171
930
128
237
240
412
472
818
978
278
124
803
929
836
477
182
291
100
614
539
90
526
244
185
201
271
351
77
76
348
933
62
179
999
9
252
594
441
172
627
244
296
494
324
674
935
611
227
525
52
915
271
806
335
361
886
751
169
230
828
28
17
838
83
680
47
556
535
960
206
137
161
181
911
392
493
659
929
316
856
366
512
280
339
267
262
593
975
640
592
835
83
138
658
662
653
803
383
358
576
977
151
671
21
541
202
828
982
641
973
910
229
887
663
797
163
465
770
714
385
995
873
935
849
802
944
432
558
954
555
473
316
187
286
791
101
264
88
536
399
718
679
41
2
336
469
296
40
556
876
91
535
151
807
667
283
376
593
100
572
803
579
951
816
843
114
239
285
410
347
87
133
246
192
659
633
828
150
495
32
588
326
272
745
585
414
243
65
703
958
744
359
818
145
765
300
88
127
185
744
579
942
739
545
195
903
575
806
192
361
342
742
789
731
387
738
602
426
299
436
75
268
743
756
972
292
288
215
656
253
390
758
176
918
168
490
155
775
912
45
907
859
674
818
308
465
111
838
347
217
776
763
997
515
422
968
962
361
733
193
332
322
772
199
615
677
688
70
751
944
995
868
435
588
821
38
185
73
802
246
376
245
287
20
581
793
104
462
58
877
607
798
392
380
198
144
57
993
657
222
217
694
686
556
143
587
491
109
60
436
681
290
40
287
718
268
423
901
193
172
627
480
567
692
862
555
802
450
177
637
721
54
109
254
279
370
557
949
974
481
159
253
191
12
294
952
344
218
809
649
320
579
856
478
516
108
196
767
914
572
838
336
890
657
431
410
648
813
523
630
972
439
450
274
452
576
769
829
881
313
862
920
126
342
228
768
759
569
836
437
581
750
746
375
495
309
159
62
375
243
685
394
260
648
653
907
680
144
39
387
39
953
173
332
757
775
739
48
426
807
286
796
846
433
174
224
272
487
479
168
48
349
629
185
365
798
542
456
163
601
76
884
904
371
406
829
678
372
151
961
67
152
413
540
188
113
276
17
124
616
953
310
167
915
797
68
201
972
528
147
696
152
394
909
582
719
786
272
345
868
606
727
456
371
90
551
592
283
502
481
456
477
68
244
331
359
453
433
998
156
350
410
807
992
794
594
983
962
445
357
728
8
340
684
563
270
550
163
993
145
804
226
321
743
576
296
178
438
16
607
882
979
707
439
784
990
408
545
973
532
144
524
370
291
922
473
133
501
447
948
616
111
418
778
566
831
266
739
205
650
595
538
246
392
496
560
906
189
888
682
20
118
181
758
320
2
346
578
349
523
428
176
50
607
581
490
597
577
581
333
227
895
315
52
201
176
696
675
646
208
536
907
266
543
70
823
430
354
107
369
852
93
542
287
336
479
614
358
155
71
444
612
508
450
845
613
425
313
195
57
691
78
86
784
551
184
891
312
357
884
760
598
579
302
801
221
464
820
669
430
267
141
701
683
842
767
403
117
35
115
145
331
211
672
90
322
747
344
738
463
549
13
967
556
119
920
227
893
790
64
590
993
958
875
12
718
322
290
919
965
907
273
932
144
645
694
988
926
855
210
494
12
262
71
788
202
532
433
852
486
322
831
701
482
555
120
175
135
401
692
504
89
652
396
535
924
44
485
616
175
225
438
382
750
132
519
133
449
923
278
376
574
154
529
440
55
264
726
129
17
906
600
346
404
896
352
436
199
353
138
546
458
705
25
679
366
531
583
119
461
798
172
541
315
712
331
824
252
812
316
477
112
616
740
741
732
95
524
656
67
170
82
280
901
555
273
326
420
465
535
255
596
727
295
519
370
477
421
234
545
447
138
567
218
651
988
713
591
673
250
608
496
733
563
451
764
94
543
748
876
125
369
372
695
385
512
112
623
394
658
129
383
729
373
845
290
43
389
178
778
195
315
375
329
505
214
981
185
373
435
294
497
358
856
906
355
41
542
993
737
427
397
283
900
428
512
82
229
901
227
355
798
424
123
509
532
28
375
385
418
689
626
891
500
220
786
123
533
145
449
210
115
682
840
770
638
888
955
561
712
332
209
828
637
20
958
701
466
284
380
978
733
66
968
137
739
539
209
294
140
101
491
216
706
49
650
601
214
789
380
423
617
170
994
955
782
737
968
135
170
337
970
792
98
808
361
562
242
257
959
918
744
419
475
416
960
221
942
668
977
385
543
560
913
460
958
889
882
154
185
74
276
451
404
932
580
666
98
759
170
616
970
841
855
472
144
626
860
818
426
390
152
747
929
976
660
72
30
403
146
389
851
828
945
409
642
618
669
543
740
204
263
862
604
319
705
122
424
372
804
976
194
919
542
175
186
235
168
957
530
522
414
238
352
184
220
237
317
971
685
494
186
137
132
926
81
327
826
284
275
479
220
692
204
890
855
482
205
83
895
906
549
783
630
369
818
378
545
620
623
720
211
578
151
827
199
874
659
496
762
509
876
494
648
715
436
108
464
25
471
846
875
15
655
104
63
254
443
125
51
294
860
644
663
919
110
574
369
800
660
876
323
730
226
195
588
384
674
491
237
339
311
169
172
376
882
52
651
453
106
91
363
930
986
298
447
978
367
772
978
475
649
388
740
153
189
825
906
783
521
4
569
196
405
793
868
6
371
890
513
375
282
370
98
803
267
771
206
320
671
556
867
896
303
136
206
599
504
254
600
275
590
981
790
176
202
309
46
703
612
430
617
449
499
125
756
429
767
777
371
977
964
360
266
221
244
264
327
675
626
463
180
487
477
246
81
348
297
976
218
970
960
897
514
66
150
524
551
141
587
160
855
757
245
908
913
520
990
942
168
450
965
170
109
376
573
996
697
928
83
554
610
367
935
126
384
392
353
86
237
586
359
281
604
169
485
773
764
297
944
723
453
623
854
764
955
856
139
72
517
565
839
796
703
855
260
448
320
360
604
135
936
727
647
505
488
177
88
841
475
312
89
821
601
155
78
380
602
552
909
180
605
365
831
554
557
771
442
798
602
931
464
996
19
774
787
275
95
371
929
277
977
999
992
232
924
364
386
330
906
419
560
292
847
586
563
947
510
761
688
291
744
577
948
105
78
706
930
72
72
547
895
537
608
62
13
314
231
385
249
702
840
234
726
566
990
216
921
923
666
120
44
157
226
250
816
727
241
638
807
99
862
127
694
992
169
93
582
131
5
932
275
438
206
374
378
766
772
866
589
33
707
493
938
583
104
586
680
350
960
877
111
181
360
40
358
392
794
198
443
173
564
674
724
755
467
42
881
380
113
899
345
467
117
693
187
482
144
760
127
272
470
361
89
728
482
371
278
311
878
279
604
706
688
586
692
608
379
551
638
837
151
70
261
584
850
462
671
749
326
267
520
899
936
67
436
984
878
976
114
268
79
334
439
459
328
246
401
683
217
739
377
434
939
554
19
969
683
417
190
743
218
666
45
678
784
47
388
764
233
217
318
128
463
867
137
535
442
608
194
225
827
874
957
73
517
396
9
6
453
735
828
457
956
22
616
809
140
498
685
71
467
325
102
686
892
764
114
526
602
843
750
92
938
462
805
432
4
848
413
455
713
814
501
675
205
445
954
136
565
849
960
339
550
511
750
382
887
266
762
213
420
271
744
199
481
201
241
518
188
10
658
393
772
796
230
712
31
972
543
617
900
349
956
171
78
826
598
401
890
822
487
240
507
879
829
581
719
6
826
53
310
669
304
39
392
594
635
45
232
498
25
9
277
375
428
756
176
477
168
84
730
335
491
9
135
643
822
121
866
578
302
821
4
108
156
566
226
908
421
333
550
540
21
896
567
30
906
700
290
379
383
342
959
953
903
982
162
642
723
992
610
974
531
264
609
707
69
435
770
454
968
631
409
803
747
232
110
194
568
205
855
370
186
975
489
926
143
171
700
870
596
151
395
483
848
900
76
1000
140
39
191
696
329
973
733
813
904
265
180
662
194
171
707
58
117
371
324
791
464
203
830
540
352
226
147
73
743
597
371
531
208
802
143
387
267
41
340
316
782
5
718
322
531
451
58
951
227
965
886
708
949
439
136
419
111
973
906
638
137
296
534
696
239
629
504
567
711
793
421
756
280
349
641
305
273
809
210
354
846
798
420
380
654
577
516
977
420
22
954
597
529
31
655
157
342
998
940
582
620
450
665
392
844
785
494
264
516
85
734
945
69
43
165
719
643
205
535
971
704
424
193
508
720
747
772
624
859
778
255
407
862
878
760
875
57
511
193
967
717
792
936
270
752
981
6
893
798
928
474
947
195
139
739
266
781
829
298
637
473
7
896
301
439
369
9
968
406
322
932
111
122
718
867
814
595
452
62
368
706
559
540
68
381
479
682
264
481
405
190
565
764
826
217
753
702
314
452
600
333
779
678
810
37
242
1
560
750
617
244
587
310
899
185
548
184
194
511
491
885
982
574
568
168
376
385
103
660
748
292
724
144
93
463
495
892
597
832
498
276
129
446
563
192
824
950
607
93
358
520
682
508
985
439
269
765
776
146
785
494
592
739
734
268
31
104
112
441
41
400
628
689
889
489
505
186
638
84
779
552
343
954
792
986
373
347
80
136
70
73
241
582
716
466
284
266
136
804
270
738
50
453
978
649
170
584
720
725
567
333
420
523
877
326
626
837
659
472
23
399
973
927
746
164
769
856
844
399
999
533
303
696
84
163
406
99
372
601
892
135
307
31
928
263
721
73
648
35
869
628
795
199
437
402
435
210
824
47
989
914
957
987
872
71
219
830
899
519
266
276
380
27
120
679
720
740
921
390
222
187
952
599
446
686
22
18
866
478
827
271
306
845
215
179
924
175
805
464
923
213
568
137
190
285
184
541
256
934
29
700
996
910
862
579
504
408
975
145
979
619
185
249
135
338
496
510
748
459
985
381
126
652
536
234
804
123
808
726
858
845
347
444
276
143
34
563
533
186
548
708
720
959
756
267
340
335
401
476
883
229
483
370
982
384
26
117
446
654
100
128
815
681
975
270
949
10
807
332
614
551
508
624
574
66
581
529
883
654
424
594
844
72
930
602
592
671
600
860
465
112
118
598
641
114
785
813
307
492
230
835
842
260
521
303
879
403
968
479
107
184
80
512
112
468
22
266
220
141
907
104
534
671
885
185
71
288
631
27
246
473
714
632
507
182
437
4
555
695
447
552
455
837
914
214
798
296
846
718
623
901
716
984
864
18
414
463
937
226
358
892
967
717
410
50
612
692
908
805
616
322
675
529
585
666
338
190
578
416
855
109
595
560
604
528
720
697
536
122
977
14
367
605
287
217
638
836
246
822
923
126
514
939
17
276
234
165
480
327
750
299
592
453
401
799
422
719
680
967
198
335
704
969
866
862
504
369
545
809
212
99
343
883
274
317
834
38
467
372
674
223
938
33
860
915
595
984
846
965
666
600
814
745
370
238
162
551
358
865
992
942
251
445
160
165
497
959
535
163
654
786
834
210
298
144
286
856
475
821
914
178
560
666
329
747
720
580
162
385
519
772
246
408
267
765
140
943
740
635
299
901
362
76
985
496
972
875
569
965
413
326
821
590
723
600
51
860
16
224
113
816
425
749
129
435
804
444
429
819
947
412
930
512
357
898
198
746
902
145
891
876
883
753
679
610
265
174
698
572
970
225
82
874
775
144
495
13
343
464
432
885
945
248
103
92
554
442
191
420
322
118
349
499
102
712
267
444
560
602
598
249
445
744
10
285
319
763
553
712
604
704
902
663
244
439
83
537
373
410
690
421
421
948
745
775
442
276
333
193
536
241
143
272
697
847
600
852
738
357
290
84
359
230
10
231
465
905
944
437
762
26
213
957
599
10
372
270
741
517
657
125
783
607
567
709
64
241
454
433
469
702
407
517
370
168
985
528
760
441
402
889
749
3
338
270
103
986
57
163
528
462
410
610
87
150
94
391
621
27
355
266
996
974
915
647
783
805
499
875
333
695
475
157
741
561
816
338
947
641
412
276
413
85
159
481
197
562
1
773
227
356
916
898
523
319
545
159
614
475
282
329
240
602
304
85
828
369
127
588
459
505
477
416
502
455
754
774
268
10
744
274
362
956
421
88
953
747
942
651
851
70
685
856
788
575
834
777
474
390
931
194
749
720
542
368
811
43
63
757
506
210
420
724
429
394
490
581
354
532
521
349
462
61
745
423
46
424
607
242
529
658
63
490
59
36
263
53
762
290
371
328
360
889
788
888
877
257
824
614
164
64
893
383
202
372
434
146
483
52
454
976
48
101
647
426
687
294
151
431
900
213
110
591
212
407
504
451
316
408
752
828
778
37
698
190
3
191
488
712
395
797
626
947
816
669
338
220
767
543
784
10
733
7
383
19
238
819
988
175
995
514
624
853
361
534
305
628
376
954
907
890
422
474
874
759
952
429
645
750
354
839
219
204
707
592
908
264
749
323
698
616
333
573
153
845
225
909
57
545
904
759
638
315
435
162
467
67
386
837
699
103
172
719
984
185
344
135
756
27
625
749
1
173
646
736
397
735
889
298
22
67
701
596
760
139
522
119
775
95
980
736
466
454
519
472
597
259
380
193
110
103
320
926
681
144
951
852
976
264
55
378
651
27
295
441
503
279
825
786
406
139
682
876
182
935
251
478
353
270
315
771
927
142
790
859
420
810
706
745
253
733
391
559
504
839
221
774
298
106
922
242
159
159
681
753
387
549
915
867
324
22
676
260
105
644
6
645
60
730
119
124
441
229
232
103
472
92
527
17
292
644
977
988
750
687
422
564
981
971
694
712
699
780
802
744
750
363
993
247
601
708
559
639
328
14
341
842
978
526
307
62
509
19
882
48
295
660
912
299
114
154
109
775
582
102
806
269
174
693
994
14
122
964
679
999
49
268
778
542
565
115
185
211
996
972
162
235
902
744
692
644
249
645
274
259
89
508
169
16
358
615
102
298
486
540
186
646
19
322
744
34
558
31
639
762
432
118
810
692
506
512
584
301
550
227
399
258
11
151
216
553
643
353
497
73
419
895
716
788
952
147
79
886
396
145
680
430
893
581
545
301
432
866
872
558
767
621
495
660
426
196
552
624
747
153
991
542
632
451
968
337
991
171
922
859
585
159
236
398
440
314
274
227
895
3
646
462
33
275
853
76
803
869
975
671
832
832
797
380
454
95
133
688
305
674
67
771
871
796
884
48
74
685
949
564
702
785
123
163
588
904
464
871
50
481
786
436
434
814
407
766
658
639
433
220
355
643
866
116
445
181
838
392
712
99
420
85
370
75
68
50
298
38
956
438
114
819
325
164
341
949
36
919
79
343
164
235
26
785
780
113
430
751
929
470
241
963
219
568
217
438
871
646
364
925
200
288
161
102
478
897
725
565
721
287
655
179
427
374
425
665
957
38
724
464
458
263
297
152
279
926
999
589
280
432
738
227
953
440
770
64
152
714
673
618
879
383
612
575
329
15
669
392
653
829
629
156
544
315
338
722
664
898
447
106
937
589
909
355
486
427
770
313
263
779
745
647
594
702
735
690
58
403
276
220
142
251
854
286
697
95
298
225
785
999
603
104
718
201
760
920
75
276
260
820
362
210
896
299
529
963
978
118
443
901
487
485
566
69
40
576
773
491
601
866
629
947
427
895
772
837
978
839
661
532
905
293
741
189
420
547
800
363
877
917
542
812
272
94
370
999
948
450
1000
990
769
355
180
984
342
380
652
254
65
426
854
568
20
973
211
73
24
974
3
489
514
371
223
975
703
235
393
477
977
558
21
817
87
989
739
929
405
286
974
429
475
24
723
5
750
152
770
70
70
63
881
162
664
285
736
951
863
112
506
50
766
19
169
14
812
862
965
216
571
544
810
549
494
195
428
399
315
589
303
779
77
851
60
616
722
427
860
259
756
242
573
516
179
17
857
570
984
653
653
6
45
344
577
218
258
293
948
740
207
718
87
601
326
124
141
815
683
566
102
750
761
737
659
427
199
599
145
449
328
35
803
930
687
605
479
693
55
741
214
416
289
493
679
322
884
931
659
933
326
587
605
370
427
84
589
105
619
158
301
125
828
663
633
530
619
303
135
655
569
575
330
998
341
617
45
666
293
339
655
559
82
962
541
575
170
503
503
830
538
749
496
290
822
720
928
896
432
811
464
832
489
813
793
823
872
189
982
116
216
669
790
22
228
141
173
79
950
934
771
591
583
730
861
111
100
524
580
779
233
377
584
67
906
142
222
426
125
564
926
967
646
522
416
225
520
362
215
266
781
742
538
219
199
822
876
690
550
245
615
722
113
119
784
871
433
634
187
653
185
63
163
723
188
147
147
299
850
818
64
194
805
279
172
967
542
331
177
565
216
891
187
708
197
700
89
76
67
351
106
446
986
204
956
910
307
828
194
594
281
425
870
370
522
526
386
551
973
870
98
880
695
959
880
284
153
731
569
529
144
765
223
493
716
398
368
391
819
49
270
789
272
720
518
16
94
64
557
410
130
277
511
709
133
804
578
336
748
405
295
366
99
653
837
648
79
22
537
310
802
521
110
845
296
916
980
605
879
536
751
338
155
263
127
786
571
539
924
741
514
79
404
200
212
751
200
898
781
177
959
535
109
548
423
557
638
758
863
543
66
606
23
284
311
316
289
6
53
742
845
382
475
270
761
793
715
818
429
972
450
837
507
909
530
782
116
568
477
8
178
120
800
536
64
405
615
768
452
355
155
500
913
384
126
109
633
189
49
368
370
914
695
993
855
89
79
830
499
430
874
916
801
72
227
536
530
71
451
547
865
491
782
454
853
206
560
389
164
161
723
896
851
957
536
997
829
133
751
918
622
243
287
35
995
738
342
644
192
54
392
482
448
76
163
304
545
996
946
703
180
577
418
377
577
288
316
663
753
896
235
653
86
750
613
348
618
360
395
328
740
632
26
589
77
187
331
205
271
309
360
242
371
557
449
257
540
332
330
678
314
552
186
90
662
102
810
104
20
972
627
694
952
69
919
50
725
726
490
673
903
790
752
74
454
779
802
533
327
400
690
127
117
102
294
604
324
804
696
393
217
46
700
73
298
874
603
965
932
907
634
600
823
68
49
917
346
741
684
76
698
419
646
750
757
561
403
620
216
772
664
142
142
690
752
184
983
737
988
114
43
212
243
500
84
881
691
497
430
768
217
143
182
760
976
351
296
111
507
96
703
645
385
247
787
738
232
293
98
322
597
645
37
266
56
203
73
320
559
939
81
625
509
143
448
575
264
1
354
630
415
817
862
756
701
843
414
667
310
664
272
900
848
63
721
399
691
186
487
530
318
236
625
453
32
875
708
474
240
117
43
863
193
141
475
725
81
771
200
344
374
654
620
115
152
533
525
792
652
146
965
829
76
684
236
136
907
860
51
249
744
98
646
960
243
405
874
75
538
13
440
646
458
621
743
29
917
151
602
531
354
714
179
14
896
6
333
723
849
332
458
272
404
841
338
844
800
863
741
748
872
850
959
754
250
717
184
907
207
545
216
843
435
195
969
235
99
904
941
609
5
649
404
516
991
293
730
321
600
92
203
665
871
646
246
204
149
443
538
226
982
808
521
312
330
446
900
876
953
183
886
630
172
857
485
777
969
757
768
397
507
183
853
555
181
915
345
182
476
243
159
579
535
507
938
763
298
452
859
441
118
690
114
901
602
934
663
307
569
577
947
893
509
370
86
536
37
262
884
948
222
370
825
89
831
953
708
788
441
849
50
661
932
928
225
743
115
109
402
757
332
615
320
546
701
309
578
459
665
768
169
700
877
665
351
211
474
931
816
25
991
69
414
926
993
374
936
432
342
369
669
92
894
477
681
985
22
171
82
360
135
356
254
364
103
115
432
156
277
183
602
594
156
467
327
421
590
282
569
238
927
1
485
360
48
329
528
296
121
313
855
831
728
211
27
999
923
303
595
274
254
778
991
933
816
742
104
597
289
355
646
423
61
432
30
454
124
558
163
170
302
735
752
332
759
624
179
671
134
320
427
107
400
224
783
531
629
86
628
497
509
358
299
843
659
711
202
908
309
825
201
203
210
324
461
311
507
162
62
809
184
404
560
129
230
500
766
866
921
233
537
93
451
225
757
365
825
410
172
11
1
125
413
505
108
653
576
188
860
864
768
437
686
472
666
348
959
780
890
854
73
765
74
852
401
284
662
123
714
542
261
685
110
523
415
584
858
363
791
780
613
88
256
696
968
52
762
669
735
982
609
937
755
696
399
499
47
788
932
669
619
744
50
881
737
323
567
119
361
329
99
440
305
222
574
845
670
175
747
995
528
428
394
170
338
569
987
21
876
448
367
220
848
656
972
138
280
75
713
87
17
704
808
213
834
680
788
409
78
45
948
572
916
177
105
478
828
403
825
598
221
389
76
558
81
194
706
673
174
635
68
401
806
697
756
484
822
99
747
312
220
254
490
325
502
913
344
863
616
934
52
928
597
677
830
827
276
367
675
566
23
802
432
852
469
752
675
536
41
661
477
368
210
233
789
736
236
652
590
71
168
815
822
964
655
33
218
678
289
1
692
775
177
961
373
330
663
991
337
166
436
330
134
326
751
613
995
812
617
920
638
85
63
342
569
435
737
397
484
138
914
430
952
439
490
353
929
944
246
542
955
224
263
483
928
969
754
962
157
584
859
138
653
806
925
175
299
753
217
865
966
945
348
95
698
245
822
183
248
291
900
904
530
722
468
360
167
16
934
152
448
176
303
383
473
988
146
872
544
508
347
124
880
729
161
298
704
605
904
31
867
411
617
816
578
881
61
316
163
760
621
517
546
733
747
238
857
396
90
572
93
104
705
323
42
107
51
951
46
981
13
150
508
529
346
84
64
369
721
127
148
854
707
620
769
68
603
387
416
140
168
610
366
965
463
817
362
210
840
551
593
108
589
463
581
383
996
301
735
829
488
262
647
250
189
982
267
876
180
138
962
362
904
433
55
929
412
959
29
446
588
588
265
982
267
254
65
7
535
377
932
972
592
4
618
418
477
341
320
962
241
50
922
378
821
15
628
286
741
934
282
745
748
260
218
214
661
246
75
159
20
20
904
198
335
660
513
31
395
269
811
210
232
15
991
880
53
681
285
820
155
808
304
704
599
123
734
235
210
749
765
537
746
30
800
512
268
156
997
492
935
352
840
168
240
531
431
804
500
219
883
154
181
773
359
362
28
582
632
917
433
686
835
924
858
690
582
584
189
9
134
811
942
77
110
51
161
355
646
822
460
595
502
204
204
586
17
891
114
288
262
450
637
28
747
52
410
111
122
848
643
521
344
212
383
468
334
989
405
867
309
412
212
814
274
266
383
244
763
844
788
800
707
367
513
624
859
761
178
409
933
445
330
846
330
161
674
346
385
594
61
230
969
691
647
832
129
557
567
972
154
912
527
516
711
875
570
202
979
180
121
647
512
218
249
968
301
831
285
270
218
268
23
689
104
912
478
841
708
75
997
126
55
776
991
255
515
80
566
753
827
627
915
102
627
466
382
408
435
694
674
72
693
146
856
312
738
478
716
517
550
881
317
869
851
471
812
694
637
957
123
850
198
964
287
799
3
647
966
339
455
152
820
606
70
569
192
129
479
812
674
445
443
882
2
422
772
150
7
657
38
243
560
798
746
609
468
905
611
711
25
998
679
856
412
21
146
659
724
668
551
105
20
931
331
672
560
158
761
427
794
717
194
119
721
889
447
39
601
887
190
85
195
125
970
769
537
742
695
932
338
838
1000
997
647
399
992
971
131
481
134
107
894
260
252
140
472
165
653
853
634
534
899
795
360
47
990
832
555
348
775
384
735
410
329
168
396
529
738
786
472
375
582
747
3
509
518
935
302
506
141
688
554
218
765
508
919
475
703
197
628
281
628
130
682
638
968
357
450
998
533
746
556
966
69
689
911
503
488
450
769
190
615
83
140
504
756
470
949
142
901
407
731
540
305
475
635
678
166
953
124
128
980
317
72
693
924
325
391
615
870
339
484
407
383
849
826
20
509
575
732
655
698
780
857
937
584
589
945
705
756
772
591
990
862
789
29
406
61
630
138
883
246
612
874
338
519
145
215
610
36
397
732
938
118
841
220
679
176
371
640
643
46
951
520
662
91
619
615
432
207
857
477
127
785
189
544
775
297
77
411
75
796
11
659
495
30
170
677
509
377
240
726
595
874
180
574
371
434
574
888
61
317
286
350
906
813
602
642
25
444
93
416
450
363
903
67
727
176
588
731
168
353
331
928
511
885
409
708
710
515
862
328
564
427
948
583
198
957
756
844
226
804
776
379
528
357
475
298
192
863
804
18
240
158
308
265
277
557
354
280
974
597
655
99
399
904
631
953
976
122
577
630
523
215
180
754
651
582
431
329
957
932
20
803
437
34
932
45
856
508
846
438
300
721
178
68
473
202
535
518
994
875
512
745
536
819
745
559
220
171
567
649
686
402
666
301
355
202
429
466
156
837
664
259
761
789
731
868
64
830
550
265
332
626
423
883
185
518
425
683
787
545
5
956
645
924
558
606
816
596
220
466
983
968
286
158
633
745
438
166
735
163
750
380
253
606
76
166
661
525
3
350
118
724
126
854
835
158
694
101
734
420
477
304
129
253
299
574
565
809
698
128
780
718
376
39
301
440
584
147
52
730
539
105
410
432
162
510
887
460
961
538
523
577
230
2
711
975
862
43
893
513
842
747
91
411
858
691
57
933
705
529
365
89
298
574
433
772
713
145
5
340
345
665
205
697
243
179
934
161
42
685
432
55
727
227
4
357
225
349
809
816
536
623
653
617
399
559
934
502
988
15
341
864
346
931
31
524
442
350
139
912
258
455
246
173
162
39
67
794
625
933
889
112
363
266
300
298
404
508
75
331
528
534
389
760
617
466
844
603
165
446
1
112
458
94
822
33
510
995
889
831
629
48
126
114
799
856
793
83
84
287
688
916
711
281
682
244
150
102
386
389
19
577
151
403
315
864
601
140
867
660
970
306
910
530
307
77
245
949
615
204
52
846
592
46
721
897
244
370
854
680
446
348
428
989
238
798
131
11
658
818
994
988
85
947
142
68
824
132
370
887
652
508
775
780
946
264
137
365
608
908
37
89
883
293
125
661
956
944
544
797
589
177
859
945
257
6
615
144
979
100
944
528
151
15
807
403
492
694
740
462
652
139
71
277
144
806
437
141
866
144
163
626
759
111
573
423
126
233
694
672
535
320
321
401
485
621
195
992
454
28
238
770
244
279
93
169
912
662
583
329
780
336
425
829
220
677
307
345
49
376
362
537
678
71
832
348
34
344
468
529
983
88
572
869
48
135
516
728
23
61
122
574
678
503
59
859
178
180
538
968
337
950
344
701
136
734
575
810
584
304
762
460
801
281
828
375
834
870
872
884
915
671
462
840
891
63
301
788
602
834
317
1
576
800
644
224
444
276
183
523
869
998
377
982
944
90
906
879
499
557
712
964
438
602
612
808
83
668
566
201
653
613
797
868
280
832
653
993
14
470
660
502
31
4
151
658
867
848
598
37
252
17
570
834
437
936
406
229
929
690
867
901
975
221
229
917
96
867
407
221
76
818
676
35
219
189
767
618
138
760
199
821
111
43
45
860
427
193
988
879
641
527
353
997
672
606
229
532
747
611
811
115
891
251
317
701
420
125
979
861
329
92
633
696
757
144
556
94
547
714
165
308
291
840
251
191
417
976
57
122
91
144
554
924
828
482
112
128
303
560
278
734
476
557
460
420
521
274
14
485
413
306
693
359
953
829
341
684
822
278
811
940
932
211
839
870
541
182
65
338
565
284
957
176
489
196
595
489
456
385
528
685
769
778
239
510
366
541
26
921
555
748
653
302
78
460
835
714
132
671
666
487
519
758
854
881
666
552
508
52
887
386
213
489
461
412
610
181
571
831
573
631
472
27
549
337
304
584
537
180
504
552
231
627
818
954
145
390
36
287
40
14
715
70
851
996
851
137
950
28
728
389
521
942
408
594
331
162
246
238
254
476
664
124
271
609
25
973
333
193
688
303
584
913
474
38
82
104
185
468
350
235
908
239
763
767
549
528
435
823
878
694
142
35
465
169
405
391
231
572
99
703
789
324
289
49
538
264
512
575
73
912
789
566
103
396
811
566
287
244
545
560
976
1000
534
226
440
963
869
448
275
66
511
146
122
1
796
576
601
9
409
310
465
304
51
489
425
804
395
372
916
557
276
130
41
917
527
126
270
12
388
840
911
567
634
345
551
446
297
751
425
3
141
605
979
406
964
540
980
856
514
825
744
553
495
162
476
933
946
218
536
744
356
962
324
427
214
218
638
354
98
817
905
369
1
265
116
616
206
22
658
398
660
19
334
779
201
130
308
803
578
670
244
795
43
966
428
494
894
607
641
745
651
80
267
431
800
699
160
759
104
995
989
1
843
887
502
469
176
933
682
125
772
203
424
656
591
903
365
799
537
279
727
776
731
70
695
73
21
312
359
963
727
810
458
561
609
588
365
897
188
918
422
940
208
317
66
556
215
253
933
705
637
892
509
412
510
726
33
964
717
827
283
634
486
130
722
682
159
890
82
875
6
309
209
591
749
305
656
504
488
795
308
304
689
600
930
758
354
599
86
870
472
849
262
732
377
483
625
782
802
276
663
187
559
809
422
152
21
224
245
782
258
571
945
111
388
127
223
491
656
776
234
731
807
90
519
330
395
641
739
516
129
193
49
578
446
878
947
375
10
160
486
565
81
982
475
429
441
595
228
629
740
427
410
299
525
211
171
829
812
613
213
405
448
568
38
587
257
133
832
444
242
8
36
386
431
703
656
619
876
184
271
786
395
429
834
956
596
86
869
208
703
962
929
527
301
613
448
746
797
111
993
952
589
989
602
328
520
998
559
162
571
501
663
240
41
454
531
305
484
829
364
435
527
628
660
742
413
629
96
996
488
37
868
724
249
2
535
354
350
26
107
408
625
957
635
235
311
590
980
264
943
288
784
448
502
82
768
82
935
118
606
569
